
phi =

    0.9805
    0.5764
    0.7385
    0.5979
    0.3991
    0.3453
    0.2378
    0.1397
    0.0309